hctr+zhash_AES_NI___GNU_C_12.2.0_x86_64  : Run Date/Time 2025-02-13 16:08

Context Size: 3840 bytes
Key setup: 610.20 cycles

MsgLen TwkLen CPB   
 1024     0    1.64
 1024    16    1.69
 1024   256    1.41
 1024   512    1.23
 1024  1024    1.01
 2048     0    1.32
 2048    16    1.35
 2048   256    1.23
 2048   512    1.14
 2048  1024    1.01
 4096     0    1.15
 4096    16    1.17
 4096   256    1.12
 4096   512    1.07
 4096  1024    1.00
 8192     0    1.07
 8192    16    1.08
 8192   256    1.05
 8192   512    1.03
 8192  1024    1.00
16384     0    1.03
16384    16    1.04
16384   256    1.02
16384   512    1.01
16384  1024    0.99
32768     0    1.01
32768    16    1.01
32768   256    1.01
32768   512    1.00
32768  1024    0.99
65536     0    1.00
65536    16    1.00
65536   256    1.00
65536   512    1.00
65536  1024    0.99
