hctr+phash_AES_NI___GNU_C_12.2.0_x86_64  : Run Date/Time 2025-02-13 16:38

Context Size: 3840 bytes
Key setup: 607.88 cycles

MsgLen TwkLen CPB   
 1024     0    1.58
 1024    16    1.60
 1024   256    1.35
 1024   512    1.20
 1024  1024    1.01
 2048     0    1.38
 2048    16    1.39
 2048   256    1.28
 2048   512    1.19
 2048  1024    1.06
 4096     0    1.28
 4096    16    1.29
 4096   256    1.23
 4096   512    1.19
 4096  1024    1.11
 8192     0    1.23
 8192    16    1.23
 8192   256    1.20
 8192   512    1.18
 8192  1024    1.14
16384     0    1.20
16384    16    1.21
16384   256    1.19
16384   512    1.18
16384  1024    1.16
32768     0    1.19
32768    16    1.19
32768   256    1.18
32768   512    1.18
32768  1024    1.17
65536     0    1.20
65536    16    1.20
65536   256    1.19
65536   512    1.19
65536  1024    1.18
